
 * libmad - MPEG audio decoder library
 * Copyright (C) 2000-2004 Underbit Technologies, Inc.
 *
 * This program is free software; you can redistribute it and/or modify
 * it under the terms of the GNU General Public License as published by
 * the Free Software Foundation; either version 2 of the License, or
 * (at your option) any later version.
 *
 * This program is distributed in the hope that it will be useful,
 * but WITHOUT ANY WARRANTY; without even the implied warranty of
 * MERCHANTABILITY or FITNESS FOR A PARTICULAR PURPOSE.  See the
 * GNU General Public License for more details.
 *
 * You should have received a copy of the GNU General Public License
 * along with this program; if not, write to the Free Software
 * Foundation, Inc., 59 Temple Place, Suite 330, Boston, MA  02111-1307  USA
 *
 * $Id$
 
 * These are the Huffman code words for Layer III.
 * The data for these tables are derived from Table B.7 of ISO/IEC 11172-3.
 *
 * These tables support decoding up to 4 Huffman code bits at a time.
  0000  0001  0010  0011  0100  0101  0110  0111  1000  1001  1010  1011  1100  1101  1110  1111  0000 ...  00    16  01    10    11    0001 ...  00    20  01    10    11    0010 ...  0     24  1     0011 ...  0     26  1     0000  0001  0010  0011  0100  0101  0110  0111  1000  1001  1010  1011  1100  1101  1110  1111        000   001   010   011   100   101   110   111   000   001   010   011   100   101   110   111   000 ...  000   8  001   010   011   100   101   110   111   000   001   010   011   100   101   110   111   000 ...  000   8  001   010   011   100   101   110   111   000   001   010   011   100   101   110   111   000 ...  0000  8  0001  0010  0011  0100  0101  0110  0111  1000  1001  1010  1011  1100  1101  1110  1111  000 0000 ...  0     24  1     0000  0001  0010  0011  0100  0101  0110  0111  1000  1001  1010  1011  1100  1101  1110  1111  0000 ...  000   16  001   010   011   100   101   110   111   0001 ...  0     24  1     0010 ...  0     26  1     0000  0001  0010  0011  0100  0101  0110  0111  1000  1001  1010  1011  1100  1101  1110  1111  0000 ...  0000  16  0001  0010  0011  0100  0101  0110  0111  1000  1001  1010  1011  1100  1101  1110  1111  0001 ...  0000  32  0001  0010  0011  0100  0101  0110  0111  1000  1001  1010  1011  1100  1101  1110  1111  0010 ...  00    48  01    10    11    0000 0000 ...  00    52  01    10    11    0000 0001 ...  0     56  1     0000 0010 ...  0     58  1     0000 0101 ...  0     60  1     0000 0111 ...  0     62  1     this version saves 8 entries (16 bytes) at the expense of
   an extra lookup in 4 out of 36 cases  0000  0001  0010  0011  0100  0101  0110  0111  1000  1001  1010  1011  1100  1101  1110  1111  0000 ...  0000  16  0001  0010  0011  0100  0101  0110  0111  1000  1001  1010  1011  1100  1101  1110  1111  0001 ...  00    32  01    10    11    0000 0000 ...  000   36  001   010   011   100   101   110   111   0000 0001 ...  00    44  01    10    11    0000 0010 ...  0     48  1     0000 0101 ...  0     50  1     0000 0110 ...  0     52  1     0001 00 ...  00    54  01    10    11    0000  0001  0010  0011  0100  0101  0110  0111  1000  1001  1010  1011  1100  1101  1110  1111  0000 ...  0000  16  0001  0010  0011  0100  0101  0110  0111  1000  1001  1010  1011  1100  1101  1110  1111  0001 ...  0000  32  0001  0010  0011  0100  0101  0110  0111  1000  1001  1010  1011  1100  1101  1110  1111  0000 0000 ...  000   48  001   010   011   100   101   110   111   0000 0001 ...  00    56  01    10    11    0000 0010 ...  0     60  1     0000 0101 ...  0     62  1     0000 0110 ...  0     64  1     0000  0001  0010  0011  0100  0101  0110  0111  1000  1001  1010  1011  1100  1101  1110  1111  0000 ...  0000  16  0001  0010  0011  0100  0101  0110  0111  1000  1001  1010  1011  1100  1101  1110  1111  0001 ...  000   32  001   010   011   100   101   110   111   0010 ...  00    40  01    10    11    0011 ...  00    44  01    10    11    0100 ...  0     48  1     0000 0000 ...  0     50  1     0000 0011 ...  0     52  1     0000  0001  0010  0011  0100  0101  0110  0111  1000  1001  1010  1011  1100  1101  1110  1111  0000 ...  0000  16  0001  0010  0011  0100  0101  0110  0111  1000  1001  1010  1011  1100  1101  1110  1111  0001 ...  0000  32  0001  0010  0011  0100  0101  0110  0111  1000  1001  1010  1011  1100  1101  1110  1111  0010 ...  00    48  01    10    11    0000 0000 ...  000   52  001   010   011   100   101   110   111   0000 0001 ...  00    60  01    10    11    0000 0010 ...  000   64  001   010   011   100   101   110   111   0000 0011 ...  0     72  1     0000 0100 ...  00    74  01    10    11    0000 0101 ...  00    78  01    10    11    0000 0110 ...  00    82  01    10    11    0000 1001 ...  0     86  1     0000 1010 ...  00    88  01    10    11    0000 1011 ...  00    92  01    10    11    0000 1111 ...  0     96  1     0001 0000 ...  0     98  1     0001 0001 ...  0     100  1     0000  0001  0010  0011  0100  0101  0110  0111  1000  1001  1010  1011  1100  1101  1110  1111  0000 ...  0000  16  0001  0010  0011  0100  0101  0110  0111  1000  1001  1010  1011  1100  1101  1110  1111  0001 ...  0000  32  0001  0010  0011  0100  0101  0110  0111  1000  1001  1010  1011  1100  1101  1110  1111  0010 ...  0000  48  0001  0010  0011  0100  0101  0110  0111  1000  1001  1010  1011  1100  1101  1110  1111  0011 ...  000   64  001   010   011   100   101   110   111   0101 ...  0     72  1     0000 0000 ...  00    74  01    10    11    0000 0001 ...  000   78  001   010   011   100   101   110   111   0000 0010 ...  00    86  01    10    11    0000 0011 ...  0     90  1     0000 0100 ...  00    92  01    10    11    0000 0111 ...  0     96  1     0000 1111 ...  0     98  1     0001 0000 ...  0     100  1     0001 1101 ...  0     102  1     0000  0001  0010  0011  0100  0101  0110  0111  1000  1001  1010  1011  1100  1101  1110  1111  0000 ...  0000  16  0001  0010  0011  0100  0101  0110  0111  1000  1001  1010  1011  1100  1101  1110  1111  0001 ...  0000  32  0001  0010  0011  0100  0101  0110  0111  1000  1001  1010  1011  1100  1101  1110  1111  0010 ...  0000  48  0001  0010  0011  0100  0101  0110  0111  1000  1001  1010  1011  1100  1101  1110  1111  0011 ...  00    64  01    10    11    0100 ...  000   68  001   010   011   100   101   110   111   0101 ...  0     76  1     1000 ...  0     78  1     0000 0000 ...  00    80  01    10    11    0000 0001 ...  0     84  1     0000 0010 ...  0     86  1     0000 0011 ...  0     88  1     0000 0110 ...  0     90  1     0000 1101 ...  0     92  1     0001 0011 ...  0     94  1     0000  0001  0010  0011  0100  0101  0110  0111  1000  1001  1010  1011  1100  1101  1110  1111  0000 ...  0000  16  0001  0010  0011  0100  0101  0110  0111  1000  1001  1010  1011  1100  1101  1110  1111  0001 ...  0000  32  0001  0010  0011  0100  0101  0110  0111  1000  1001  1010  1011  1100  1101  1110  1111  0010 ...  0000  48  0001  0010  0011  0100  0101  0110  0111  1000  1001  1010  1011  1100  1101  1110  1111  0011 ...  00    64  01    10    11    0000 0000 ...  0000  68  0001  0010  0011  0100  0101  0110  0111  1000  1001  1010  1011  1100  1101  1110  1111  0000 0001 ...  0000  84  0001  0010  0011  0100  0101  0110  0111  1000  1001  1010  1011  1100  1101  1110  1111  0000 0010 ...  0000  100  0001  0010  0011  0100  0101  0110  0111  1000  1001  1010  1011  1100  1101  1110  1111  0000 0011 ...  0000  116  0001  0010  0011  0100  0101  0110  0111  1000  1001  1010  1011  1100  1101  1110  1111  0000 0100 ...  0000  132  0001  0010  0011  0100  0101  0110  0111  1000  1001  1010  1011  1100  1101  1110  1111  0000 0101 ...  0000  148  0001  0010  0011  0100  0101  0110  0111  1000  1001  1010  1011  1100  1101  1110  1111  0000 0110 ...  000   164  001   010   011   100   101   110   111   0000 0111 ...  000   172  001   010   011   100   101   110   111   0000 1000 ...  000   180  001   010   011   100   101   110   111   0000 1001 ...  000   188  001   010   011   100   101   110   111   0000 1010 ...  000   196  001   010   011   100   101   110   111   0000 1011 ...  000   204  001   010   011   100   101   110   111   0000 1100 ...  0     212  1     0000 1101 ...  00    214  01    10    11    0000 1110 ...  000   218  001   010   011   100   101   110   111   0000 1111 ...  0     226  1     0001 0000 ...  00    228  01    10    11    0001 0001 ...  00    232  01    10    11    0001 0010 ...  00    236  01    10    11    0001 0011 ...  00    240  01    10    11    0001 0101 ...  0     244  1     0001 0110 ...  0     246  1     0001 0111 ...  0     248  1     0001 1000 ...  00    250  01    10    11    0001 1001 ...  0     254  1     0001 1100 ...  0     256  1     0001 1101 ...  0     258  1     0001 1110 ...  0     260  1     0000 0000 0000 ...  0000  262  0001  0010  0011  0100  0101  0110  0111  1000  1001  1010  1011  1100  1101  1110  1111  0000 0000 0001 ...  0000  278  0001  0010  0011  0100  0101  0110  0111  1000  1001  1010  1011  1100  1101  1110  1111  0000 0000 0010 ...  0000  294  0001  0010  0011  0100  0101  0110  0111  1000  1001  1010  1011  1100  1101  1110  1111  0000 0000 0011 ...  000   310  001   010   011   100   101   110   111   0000 0000 0100 ...  00    318  01    10    11    0000 0000 0101 ...  00    322  01    10    11    0000 0000 0110 ...  000   326  001   010   011   100   101   110   111   0000 0000 0111 ...  00    334  01    10    11    0000 0000 1000 ...  0     338  1     0000 0000 1001 ...  00    340  01    10    11    0000 0000 1010 ...  00    344  01    10    11    0000 0000 1011 ...  00    348  01    10    11    0000 0000 1100 ...  00    352  01    10    11    0000 0000 1101 ...  00    356  01    10    11    0000 0001 0001 ...  0     360  1     0000 0001 0010 ...  0     362  1     0000 0001 0011 ...  0     364  1     0000 0001 0101 ...  0     366  1     0000 0001 1000 ...  0     368  1     0000 0001 1001 ...  0     370  1     0000 0001 1010 ...  0     372  1     0000 0001 1011 ...  0     374  1     0000 0001 1100 ...  0     376  1     0000 0001 1101 ...  0     378  1     0000 0010 0000 ...  0     380  1     0000 0010 0101 ...  0     382  1     0000 0010 0110 ...  0     384  1     0000 0010 1000 ...  0     386  1     0000 0000 0000 0000 ...  000   388  001   010   011   100   101   110   111   0000 0000 0000 1011 ...  0     396  1     0000  0001  0010  0011  0100  0101  0110  0111  1000  1001  1010  1011  1100  1101  1110  1111  0000 ...  0000  16  0001  0010  0011  0100  0101  0110  0111  1000  1001  1010  1011  1100  1101  1110  1111  0001 ...  0000  32  0001  0010  0011  0100  0101  0110  0111  1000  1001  1010  1011  1100  1101  1110  1111  0010 ...  0000  48  0001  0010  0011  0100  0101  0110  0111  1000  1001  1010  1011  1100  1101  1110  1111  0011 ...  0000  64  0001  0010  0011  0100  0101  0110  0111  1000  1001  1010  1011  1100  1101  1110  1111  0100 ...  0000  80  0001  0010  0011  0100  0101  0110  0111  1000  1001  1010  1011  1100  1101  1110  1111  0101 ...  000   96  001   010   011   100   101   110   111   0110 ...  000   104  001   010   011   100   101   110   111   0111 ...  00    112  01    10    11    1000 ...  0     116  1     1001 ...  0     118  1     0000 0000 ...  0000  120  0001  0010  0011  0100  0101  0110  0111  1000  1001  1010  1011  1100  1101  1110  1111  0000 0001 ...  0000  136  0001  0010  0011  0100  0101  0110  0111  1000  1001  1010  1011  1100  1101  1110  1111  0000 0010 ...  0000  152  0001  0010  0011  0100  0101  0110  0111  1000  1001  1010  1011  1100  1101  1110  1111  0000 0011 ...  0000  168  0001  0010  0011  0100  0101  0110  0111  1000  1001  1010  1011  1100  1101  1110  1111  0000 0100 ...  0000  184  0001  0010  0011  0100  0101  0110  0111  1000  1001  1010  1011  1100  1101  1110  1111  0000 0101 ...  000   200  001   010   011   100   101   110   111   0000 0110 ...  000   208  001   010   011   100   101   110   111   0000 0111 ...  0000  216  0001  0010  0011  0100  0101  0110  0111  1000  1001  1010  1011  1100  1101  1110  1111  0000 1000 ...  000   232  001   010   011   100   101   110   111   0000 1001 ...  000   240  001   010   011   100   101   110   111   0000 1010 ...  000   248  001   010   011   100   101   110   111   0000 1011 ...  000   256  001   010   011   100   101   110   111   0000 1100 ...  00    264  01    10    11    0000 1101 ...  000   268  001   010   011   100   101   110   111   0000 1110 ...  000   276  001   010   011   100   101   110   111   0000 1111 ...  00    284  01    10    11    0001 0000 ...  00    288  01    10    11    0001 0001 ...  00    292  01    10    11    0001 0010 ...  00    296  01    10    11    0001 0011 ...  00    300  01    10    11    0001 0100 ...  00    304  01    10    11    0001 0101 ...  00    308  01    10    11    0001 0110 ...  00    312  01    10    11    0001 0111 ...  00    316  01    10    11    0001 1000 ...  0     320  1     0001 1001 ...  0     322  1     0001 1010 ...  0     324  1     0001 1011 ...  00    326  01    10    11    0001 1100 ...  0     330  1     0001 1101 ...  0     332  1     0001 1110 ...  00    334  01    10    11    0001 1111 ...  0     338  1     0010 0000 ...  0     340  1     0010 0001 ...  0     342  1     0010 0011 ...  0     344  1     0010 0100 ...  0     346  1     0010 0101 ...  0     348  1     0010 0110 ...  0     350  1     0010 0111 ...  0     352  1     0010 1100 ...  0     354  1     0010 1101 ...  0     356  1     0010 1110 ...  0     358  1     0010 1111 ...  0     360  1     0011 0110 ...  0     362  1     0011 1110 ...  0     364  1     0000 0000 0000 ...  0     366  1     0000 0000 0001 ...  0     368  1     0000 0000 0011 ...  0     370  1     0000 0000 0100 ...  0     372  1     0000 0000 0101 ...  0     374  1     0000 0000 0111 ...  0     376  1     0000 0001 1111 ...  0     378  1     0000  0001  0010  0011  0100  0101  0110  0111  1000  1001  1010  1011  1100  1101  1110  1111  0000 ...  0000  16  0001  0010  0011  0100  0101  0110  0111  1000  1001  1010  1011  1100  1101  1110  1111  0001 ...  0000  32  0001  0010  0011  0100  0101  0110  0111  1000  1001  1010  1011  1100  1101  1110  1111  0010 ...  0000  48  0001  0010  0011  0100  0101  0110  0111  1000  1001  1010  1011  1100  1101  1110  1111  0011 ...  00    64  01    10    11    0000 0000 ...  000   68  001   010   011   100   101   110   111   0000 0001 ...  000   76  001   010   011   100   101   110   111   0000 0010 ...  00    84  01    10    11    0000 0100 ...  00    88  01    10    11    0000 0101 ...  0     92  1     0000 0110 ...  0000  94  0001  0010  0011  0100  0101  0110  0111  1000  1001  1010  1011  1100  1101  1110  1111  0000 1000 ...  0     110  1     0000 1011 ...  0000  112  0001  0010  0011  0100  0101  0110  0111  1000  1001  1010  1011  1100  1101  1110  1111  0000 1100 ...  0000  128  0001  0010  0011  0100  0101  0110  0111  1000  1001  1010  1011  1100  1101  1110  1111  0000 1101 ...  0000  144  0001  0010  0011  0100  0101  0110  0111  1000  1001  1010  1011  1100  1101  1110  1111  0000 1110 ...  0000  160  0001  0010  0011  0100  0101  0110  0111  1000  1001  1010  1011  1100  1101  1110  1111  0000 1111 ...  0000  176  0001  0010  0011  0100  0101  0110  0111  1000  1001  1010  1011  1100  1101  1110  1111  0001 0000 ...  0000  192  0001  0010  0011  0100  0101  0110  0111  1000  1001  1010  1011  1100  1101  1110  1111  0001 0001 ...  000   208  001   010   011   100   101   110   111   0001 0010 ...  000   216  001   010   011   100   101   110   111   0001 0011 ...  000   224  001   010   011   100   101   110   111   0001 0100 ...  000   232  001   010   011   100   101   110   111   0001 0101 ...  000   240  001   010   011   100   101   110   111   0001 0110 ...  000   248  001   010   011   100   101   110   111   0001 0111 ...  000   256  001   010   011   100   101   110   111   0001 1000 ...  00    264   01    10    11    0001 1001 ...  00    268  01    10    11    0001 1010 ...  0     272  1     0001 1011 ...  00    274  01    10    11    0001 1100 ...  00    278  01    10    11    0001 1101 ...  0     282  1     0001 1111 ...  0     284  1     0010 0000 ...  0     286  1     0010 0001 ...  0     288  1     0010 0010 ...  0     290  1     0010 0101 ...  0     292  1     0000 0110 1100 ...  0000  294  0001  0010  0011  0100  0101  0110  0111  1000  1001  1010  1011  1100  1101  1110  1111  0000 0110 1101 ...  000   310  001   010   011   100   101   110   111   0000 0110 1110 ...  000   318  001   010   011   100   101   110   111   0000 0110 1111 ...  000   326  001   010   011   100   101   110   111   0000 1011 0000 ...  00    334  01    10    11    0000 1011 0001 ...  00    338  01    10    11    0000 1011 0010 ...  00    342  01    10    11    0000 1011 0011 ...  0     346  1     0000 1011 0100 ...  00    348  01    10    11    0000 1011 0101 ...  00    352  01    10    11    0000 1011 0110 ...  0     356  1     0000 1011 0111 ...  00    358  01    10    11    0000 1011 1000 ...  00    362  01    10    11    0000 1011 1001 ...  00    366  01    10    11    0000 1011 1010 ...  00    370  01    10    11    0000 1011 1100 ...  0     374  1     0000 1011 1101 ...  0     376  1     0000 1011 1110 ...  0     378  1     0000 1011 1111 ...  0     380  1     0000 1100 0000 ...  0     382  1     0000 1100 0001 ...  0     384  1     0000 1100 0010 ...  0     386  1     0000 1100 0100 ...  0     388  1     0000 1100 0101 ...  0     390  1     0000 1100 0110 ...  0     392  1     0000 1100 1000 ...  0     394  1     0000 1100 1011 ...  0     396  1     0000 1101 0101 ...  0     398  1     0000 0110 1100 0001 ...  0     400  1     0000  0001  0010  0011  0100  0101  0110  0111  1000  1001  1010  1011  1100  1101  1110  1111  0000 ...  0000  16  0001  0010  0011  0100  0101  0110  0111  1000  1001  1010  1011  1100  1101  1110  1111  0001 ...  0000  32  0001  0010  0011  0100  0101  0110  0111  1000  1001  1010  1011  1100  1101  1110  1111  0010 ...  0000  48  0001  0010  0011  0100  0101  0110  0111  1000  1001  1010  1011  1100  1101  1110  1111  0100 ...  0000  64  0001  0010  0011  0100  0101  0110  0111  1000  1001  1010  1011  1100  1101  1110  1111  0101 ...  0000  80  0001  0010  0011  0100  0101  0110  0111  1000  1001  1010  1011  1100  1101  1110  1111  0110 ...  0000  96  0001  0010  0011  0100  0101  0110  0111  1000  1001  1010  1011  1100  1101  1110  1111  0111 ...  0000  112  0001  0010  0011  0100  0101  0110  0111  1000  1001  1010  1011  1100  1101  1110  1111  1000 ...  0000  128  0001  0010  0011  0100  0101  0110  0111  1000  1001  1010  1011  1100  1101  1110  1111  1001 ...  0000  144  0001  0010  0011  0100  0101  0110  0111  1000  1001  1010  1011  1100  1101  1110  1111  1010 ...  000   160  001   010   011   100   101   110   111   1011 ...  00    168  01    10    11    0010 1100 ...  000   172  001   010   011   100   101   110   111   0010 1101 ...  000   180  001   010   011   100   101   110   111   0010 1110 ...  000   188  001   010   011   100   101   110   111   0010 1111 ...  000   196  001   010   011   100   101   110   111   0100 0000 ...  0000  204  0001  0010  0011  0100  0101  0110  0111  1000  1001  1010  1011  1100  1101  1110  1111  0100 0001 ...  000   220  001   010   011   100   101   110   111   0100 0010 ...  000   228  001   010   011   100   101   110   111   0100 0011 ...  000   236  001   010   011   100   101   110   111   0100 0100 ...  00    244  01    10    11    0100 0101 ...  00    248  01    10    11    0100 0110 ...  00    252  01    10    11    0100 0111 ...  00    256  01    10    11    0100 1000 ...  00    260  01    10    11    0100 1001 ...  00    264  01    10    11    0100 1010 ...  00    268  01    10    11    0100 1011 ...  00    272  01    10    11    0100 1100 ...  00    276  01    10    11    0100 1101 ...  000   280  001   010   011   100   101   110   111   0100 1110 ...  00    288  01    10    11    0100 1111 ...  00    292  01    10    11    0101 0000 ...  00    296  01    10    11    0101 0001 ...  000   300  001   010   011   100   101   110   111   0101 0010 ...  00    308  01    10    11    0101 0011 ...  000   312  001   010   011   100   101   110   111   0101 0100 ...  0     320  1     0101 0101 ...  00    322  01    10    11    0101 0110 ...  00    326  01    10    11    0101 0111 ...  0     330  1     0101 1000 ...  00    332  01    10    11    0101 1001 ...  0     336  1     0101 1010 ...  0     338  1     0101 1011 ...  0     340  1     0101 1100 ...  0     342  1     0101 1101 ...  0     344  1     0101 1110 ...  0     346  1     0101 1111 ...  0     348  1     0110 0000 ...  0     350  1     0110 0001 ...  0     352  1     0110 0010 ...  0     354  1     0110 0011 ...  0     356  1     0110 0100 ...  0     358  1     0110 0101 ...  0     360  1     0110 0110 ...  0     362  1     0110 0111 ...  0     364  1     0110 1000 ...  0     366  1     0110 1001 ...  0     368  1     0110 1010 ...  00    370  01    10    11    0110 1011 ...  0     374  1     0110 1100 ...  00    376  01    10    11    0110 1110 ...  0     380   1     0111 1100 ...  0     382  1     1000 0011 ...  0     384  1     external tables   0   1   2   3   4  not used   5   6   7   8   9  10  11  12  13  14  not used  15  16  17  18  19  20  21  22  23  24  25  26  27  28  29  30  31 
 * libmad - MPEG audio decoder library
 * Copyright (C) 2000-2004 Underbit Technologies, Inc.
 *
 * This program is free software; you can redistribute it and/or modify
 * it under the terms of the GNU General Public License as published by
 * the Free Software Foundation; either version 2 of the License, or
 * (at your option) any later version.
 *
 * This program is distributed in the hope that it will be useful,
 * but WITHOUT ANY WARRANTY; without even the implied warranty of
 * MERCHANTABILITY or FITNESS FOR A PARTICULAR PURPOSE.  See the
 * GNU General Public License for more details.
 *
 * You should have received a copy of the GNU General Public License
 * along with this program; if not, write to the Free Software
 * Foundation, Inc., 59 Temple Place, Suite 330, Boston, MA  02111-1307  USA
 *
 * $Id$
 
 * These are the Huffman code words for Layer III.
 * The data for these tables are derived from Table B.7 of ISO/IEC 11172-3.
 *
 * These tables support decoding up to 4 Huffman code bits at a time.
  0000  0001  0010  0011  0100  0101  0110  0111  1000  1001  1010  1011  1100  1101  1110  1111  0000 ...  00    16  01    10    11    0001 ...  00    20  01    10    11    0010 ...  0     24  1     0011 ...  0     26  1     0000  0001  0010  0011  0100  0101  0110  0111  1000  1001  1010  1011  1100  1101  1110  1111        000   001   010   011   100   101   110   111   000   001   010   011   100   101   110   111   000 ...  000   8  001   010   011   100   101   110   111   000   001   010   011   100   101   110   111   000 ...  000   8  001   010   011   100   101   110   111   000   001   010   011   100   101   110   111   000 ...  0000  8  0001  0010  0011  0100  0101  0110  0111  1000  1001  1010  1011  1100  1101  1110  1111  000 0000 ...  0     24  1     0000  0001  0010  0011  0100  0101  0110  0111  1000  1001  1010  1011  1100  1101  1110  1111  0000 ...  000   16  001   010   011   100   101   110   111   0001 ...  0     24  1     0010 ...  0     26  1     0000  0001  0010  0011  0100  0101  0110  0111  1000  1001  1010  1011  1100  1101  1110  1111  0000 ...  0000  16  0001  0010  0011  0100  0101  0110  0111  1000  1001  1010  1011  1100  1101  1110  1111  0001 ...  0000  32  0001  0010  0011  0100  0101  0110  0111  1000  1001  1010  1011  1100  1101  1110  1111  0010 ...  00    48  01    10    11    0000 0000 ...  00    52  01    10    11    0000 0001 ...  0     56  1     0000 0010 ...  0     58  1     0000 0101 ...  0     60  1     0000 0111 ...  0     62  1     this version saves 8 entries (16 bytes) at the expense of
   an extra lookup in 4 out of 36 cases  0000  0001  0010  0011  0100  0101  0110  0111  1000  1001  1010  1011  1100  1101  1110  1111  0000 ...  0000  16  0001  0010  0011  0100  0101  0110  0111  1000  1001  1010  1011  1100  1101  1110  1111  0001 ...  00    32  01    10    11    0000 0000 ...  000   36  001   010   011   100   101   110   111   0000 0001 ...  00    44  01    10    11    0000 0010 ...  0     48  1     0000 0101 ...  0     50  1     0000 0110 ...  0     52  1     0001 00 ...  00    54  01    10    11    0000  0001  0010  0011  0100  0101  0110  0111  1000  1001  1010  1011  1100  1101  1110  1111  0000 ...  0000  16  0001  0010  0011  0100  0101  0110  0111  1000  1001  1010  1011  1100  1101  1110  1111  0001 ...  0000  32  0001  0010  0011  0100  0101  0110  0111  1000  1001  1010  1011  1100  1101  1110  1111  0000 0000 ...  000   48  001   010   011   100   101   110   111   0000 0001 ...  00    56  01    10    11    0000 0010 ...  0     60  1     0000 0101 ...  0     62  1     0000 0110 ...  0     64  1     0000  0001  0010  0011  0100  0101  0110  0111  1000  1001  1010  1011  1100  1101  1110  1111  0000 ...  0000  16  0001  0010  0011  0100  0101  0110  0111  1000  1001  1010  1011  1100  1101  1110  1111  0001 ...  000   32  001   010   011   100   101   110   111   0010 ...  00    40  01    10    11    0011 ...  00    44  01    10    11    0100 ...  0     48  1     0000 0000 ...  0     50  1     0000 0011 ...  0     52  1     0000  0001  0010  0011  0100  0101  0110  0111  1000  1001  1010  1011  1100  1101  1110  1111  0000 ...  0000  16  0001  0010  0011  0100  0101  0110  0111  1000  1001  1010  1011  1100  1101  1110  1111  0001 ...  0000  32  0001  0010  0011  0100  0101  0110  0111  1000  1001  1010  1011  1100  1101  1110  1111  0010 ...  00    48  01    10    11    0000 0000 ...  000   52  001   010   011   100   101   110   111   0000 0001 ...  00    60  01    10    11    0000 0010 ...  000   64  001   010   011   100   101   110   111   0000 0011 ...  0     72  1     0000 0100 ...  00    74  01    10    11    0000 0101 ...  00    78  01    10    11    0000 0110 ...  00    82  01    10    11    0000 1001 ...  0     86  1     0000 1010 ...  00    88  01    10    11    0000 1011 ...  00    92  01    10    11    0000 1111 ...  0     96  1     0001 0000 ...  0     98  1     0001 0001 ...  0     100  1     0000  0001  0010  0011  0100  0101  0110  0111  1000  1001  1010  1011  1100  1101  1110  1111  0000 ...  0000  16  0001  0010  0011  0100  0101  0110  0111  1000  1001  1010  1011  1100  1101  1110  1111  0001 ...  0000  32  0001  0010  0011  0100  0101  0110  0111  1000  1001  1010  1011  1100  1101  1110  1111  0010 ...  0000  48  0001  0010  0011  0100  0101  0110  0111  1000  1001  1010  1011  1100  1101  1110  1111  0011 ...  000   64  001   010   011   100   101   110   111   0101 ...  0     72  1     0000 0000 ...  00    74  01    10    11    0000 0001 ...  000   78  001   010   011   100   101   110   111   0000 0010 ...  00    86  01    10    11    0000 0011 ...  0     90  1     0000 0100 ...  00    92  01    10    11    0000 0111 ...  0     96  1     0000 1111 ...  0     98  1     0001 0000 ...  0     100  1     0001 1101 ...  0     102  1     0000  0001  0010  0011  0100  0101  0110  0111  1000  1001  1010  1011  1100  1101  1110  1111  0000 ...  0000  16  0001  0010  0011  0100  0101  0110  0111  1000  1001  1010  1011  1100  1101  1110  1111  0001 ...  0000  32  0001  0010  0011  0100  0101  0110  0111  1000  1001  1010  1011  1100  1101  1110  1111  0010 ...  0000  48  0001  0010  0011  0100  0101  0110  0111  1000  1001  1010  1011  1100  1101  1110  1111  0011 ...  00    64  01    10    11    0100 ...  000   68  001   010   011   100   101   110   111   0101 ...  0     76  1     1000 ...  0     78  1     0000 0000 ...  00    80  01    10    11    0000 0001 ...  0     84  1     0000 0010 ...  0     86  1     0000 0011 ...  0     88  1     0000 0110 ...  0     90  1     0000 1101 ...  0     92  1     0001 0011 ...  0     94  1     0000  0001  0010  0011  0100  0101  0110  0111  1000  1001  1010  1011  1100  1101  1110  1111  0000 ...  0000  16  0001  0010  0011  0100  0101  0110  0111  1000  1001  1010  1011  1100  1101  1110  1111  0001 ...  0000  32  0001  0010  0011  0100  0101  0110  0111  1000  1001  1010  1011  1100  1101  1110  1111  0010 ...  0000  48  0001  0010  0011  0100  0101  0110  0111  1000  1001  1010  1011  1100  1101  1110  1111  0011 ...  00    64  01    10    11    0000 0000 ...  0000  68  0001  0010  0011  0100  0101  0110  0111  1000  1001  1010  1011  1100  1101  1110  1111  0000 0001 ...  0000  84  0001  0010  0011  0100  0101  0110  0111  1000  1001  1010  1011  1100  1101  1110  1111  0000 0010 ...  0000  100  0001  0010  0011  0100  0101  0110  0111  1000  1001  1010  1011  1100  1101  1110  1111  0000 0011 ...  0000  116  0001  0010  0011  0100  0101  0110  0111  1000  1001  1010  1011  1100  1101  1110  1111  0000 0100 ...  0000  132  0001  0010  0011  0100  0101  0110  0111  1000  1001  1010  1011  1100  1101  1110  1111  0000 0101 ...  0000  148  0001  0010  0011  0100  0101  0110  0111  1000  1001  1010  1011  1100  1101  1110  1111  0000 0110 ...  000   164  001   010   011   100   101   110   111   0000 0111 ...  000   172  001   010   011   100   101   110   111   0000 1000 ...  000   180  001   010   011   100   101   110   111   0000 1001 ...  000   188  001   010   011   100   101   110   111   0000 1010 ...  000   196  001   010   011   100   101   110   111   0000 1011 ...  000   204  001   010   011   100   101   110   111   0000 1100 ...  0     212  1     0000 1101 ...  00    214  01    10    11    0000 1110 ...  000   218  001   010   011   100   101   110   111   0000 1111 ...  0     226  1     0001 0000 ...  00    228  01    10    11    0001 0001 ...  00    232  01    10    11    0001 0010 ...  00    236  01    10    11    0001 0011 ...  00    240  01    10    11    0001 0101 ...  0     244  1     0001 0110 ...  0     246  1     0001 0111 ...  0     248  1     0001 1000 ...  00    250  01    10    11    0001 1001 ...  0     254  1     0001 1100 ...  0     256  1     0001 1101 ...  0     258  1     0001 1110 ...  0     260  1     0000 0000 0000 ...  0000  262  0001  0010  0011  0100  0101  0110  0111  1000  1001  1010  1011  1100  1101  1110  1111  0000 0000 0001 ...  0000  278  0001  0010  0011  0100  0101  0110  0111  1000  1001  1010  1011  1100  1101  1110  1111  0000 0000 0010 ...  0000  294  0001  0010  0011  0100  0101  0110  0111  1000  1001  1010  1011  1100  1101  1110  1111  0000 0000 0011 ...  000   310  001   010   011   100   101   110   111   0000 0000 0100 ...  00    318  01    10    11    0000 0000 0101 ...  00    322  01    10    11    0000 0000 0110 ...  000   326  001   010   011   100   101   110   111   0000 0000 0111 ...  00    334  01    10    11    0000 0000 1000 ...  0     338  1     0000 0000 1001 ...  00    340  01    10    11    0000 0000 1010 ...  00    344  01    10    11    0000 0000 1011 ...  00    348  01    10    11    0000 0000 1100 ...  00    352  01    10    11    0000 0000 1101 ...  00    356  01    10    11    0000 0001 0001 ...  0     360  1     0000 0001 0010 ...  0     362  1     0000 0001 0011 ...  0     364  1     0000 0001 0101 ...  0     366  1     0000 0001 1000 ...  0     368  1     0000 0001 1001 ...  0     370  1     0000 0001 1010 ...  0     372  1     0000 0001 1011 ...  0     374  1     0000 0001 1100 ...  0     376  1     0000 0001 1101 ...  0     378  1     0000 0010 0000 ...  0     380  1     0000 0010 0101 ...  0     382  1     0000 0010 0110 ...  0     384  1     0000 0010 1000 ...  0     386  1     0000 0000 0000 0000 ...  000   388  001   010   011   100   101   110   111   0000 0000 0000 1011 ...  0     396  1     0000  0001  0010  0011  0100  0101  0110  0111  1000  1001  1010  1011  1100  1101  1110  1111  0000 ...  0000  16  0001  0010  0011  0100  0101  0110  0111  1000  1001  1010  1011  1100  1101  1110  1111  0001 ...  0000  32  0001  0010  0011  0100  0101  0110  0111  1000  1001  1010  1011  1100  1101  1110  1111  0010 ...  0000  48  0001  0010  0011  0100  0101  0110  0111  1000  1001  1010  1011  1100  1101  1110  1111  0011 ...  0000  64  0001  0010  0011  0100  0101  0110  0111  1000  1001  1010  1011  1100  1101  1110  1111  0100 ...  0000  80  0001  0010  0011  0100  0101  0110  0111  1000  1001  1010  1011  1100  1101  1110  1111  0101 ...  000   96  001   010   011   100   101   110   111   0110 ...  000   104  001   010   011   100   101   110   111   0111 ...  00    112  01    10    11    1000 ...  0     116  1     1001 ...  0     118  1     0000 0000 ...  0000  120  0001  0010  0011  0100  0101  0110  0111  1000  1001  1010  1011  1100  1101  1110  1111  0000 0001 ...  0000  136  0001  0010  0011  0100  0101  0110  0111  1000  1001  1010  1011  1100  1101  1110  1111  0000 0010 ...  0000  152  0001  0010  0011  0100  0101  0110  0111  1000  1001  1010  1011  1100  1101  1110  1111  0000 0011 ...  0000  168  0001  0010  0011  0100  0101  0110  0111  1000  1001  1010  1011  1100  1101  1110  1111  0000 0100 ...  0000  184  0001  0010  0011  0100  0101  0110  0111  1000  1001  1010  1011  1100  1101  1110  1111  0000 0101 ...  000   200  001   010   011   100   101   110   111   0000 0110 ...  000   208  001   010   011   100   101   110   111   0000 0111 ...  0000  216  0001  0010  0011  0100  0101  0110  0111  1000  1001  1010  1011  1100  1101  1110  1111  0000 1000 ...  000   232  001   010   011   100   101   110   111   0000 1001 ...  000   240  001   010   011   100   101   110   111   0000 1010 ...  000   248  001   010   011   100   101   110   111   0000 1011 ...  000   256  001   010   011   100   101   110   111   0000 1100 ...  00    264  01    10    11    0000 1101 ...  000   268  001   010   011   100   101   110   111   0000 1110 ...  000   276  001   010   011   100   101   110   111   0000 1111 ...  00    284  01    10    11    0001 0000 ...  00    288  01    10    11    0001 0001 ...  00    292  01    10    11    0001 0010 ...  00    296  01    10    11    0001 0011 ...  00    300  01    10    11    0001 0100 ...  00    304  01    10    11    0001 0101 ...  00    308  01    10    11    0001 0110 ...  00    312  01    10    11    0001 0111 ...  00    316  01    10    11    0001 1000 ...  0     320  1     0001 1001 ...  0     322  1     0001 1010 ...  0     324  1     0001 1011 ...  00    326  01    10    11    0001 1100 ...  0     330  1     0001 1101 ...  0     332  1     0001 1110 ...  00    334  01    10    11    0001 1111 ...  0     338  1     0010 0000 ...  0     340  1     0010 0001 ...  0     342  1     0010 0011 ...  0     344  1     0010 0100 ...  0     346  1     0010 0101 ...  0     348  1     0010 0110 ...  0     350  1     0010 0111 ...  0     352  1     0010 1100 ...  0     354  1     0010 1101 ...  0     356  1     0010 1110 ...  0     358  1     0010 1111 ...  0     360  1     0011 0110 ...  0     362  1     0011 1110 ...  0     364  1     0000 0000 0000 ...  0     366  1     0000 0000 0001 ...  0     368  1     0000 0000 0011 ...  0     370  1     0000 0000 0100 ...  0     372  1     0000 0000 0101 ...  0     374  1     0000 0000 0111 ...  0     376  1     0000 0001 1111 ...  0     378  1     0000  0001  0010  0011  0100  0101  0110  0111  1000  1001  1010  1011  1100  1101  1110  1111  0000 ...  0000  16  0001  0010  0011  0100  0101  0110  0111  1000  1001  1010  1011  1100  1101  1110  1111  0001 ...  0000  32  0001  0010  0011  0100  0101  0110  0111  1000  1001  1010  1011  1100  1101  1110  1111  0010 ...  0000  48  0001  0010  0011  0100  0101  0110  0111  1000  1001  1010  1011  1100  1101  1110  1111  0011 ...  00    64  01    10    11    0000 0000 ...  000   68  001   010   011   100   101   110   111   0000 0001 ...  000   76  001   010   011   100   101   110   111   0000 0010 ...  00    84  01    10    11    0000 0100 ...  00    88  01    10    11    0000 0101 ...  0     92  1     0000 0110 ...  0000  94  0001  0010  0011  0100  0101  0110  0111  1000  1001  1010  1011  1100  1101  1110  1111  0000 1000 ...  0     110  1     0000 1011 ...  0000  112  0001  0010  0011  0100  0101  0110  0111  1000  1001  1010  1011  1100  1101  1110  1111  0000 1100 ...  0000  128  0001  0010  0011  0100  0101  0110  0111  1000  1001  1010  1011  1100  1101  1110  1111  0000 1101 ...  0000  144  0001  0010  0011  0100  0101  0110  0111  1000  1001  1010  1011  1100  1101  1110  1111  0000 1110 ...  0000  160  0001  0010  0011  0100  0101  0110  0111  1000  1001  1010  1011  1100  1101  1110  1111  0000 1111 ...  0000  176  0001  0010  0011  0100  0101  0110  0111  1000  1001  1010  1011  1100  1101  1110  1111  0001 0000 ...  0000  192  0001  0010  0011  0100  0101  0110  0111  1000  1001  1010  1011  1100  1101  1110  1111  0001 0001 ...  000   208  001   010   011   100   101   110   111   0001 0010 ...  000   216  001   010   011   100   101   110   111   0001 0011 ...  000   224  001   010   011   100   101   110   111   0001 0100 ...  000   232  001   010   011   100   101   110   111   0001 0101 ...  000   240  001   010   011   100   101   110   111   0001 0110 ...  000   248  001   010   011   100   101   110   111   0001 0111 ...  000   256  001   010   011   100   101   110   111   0001 1000 ...  00    264   01    10    11    0001 1001 ...  00    268  01    10    11    0001 1010 ...  0     272  1     0001 1011 ...  00    274  01    10    11    0001 1100 ...  00    278  01    10    11    0001 1101 ...  0     282  1     0001 1111 ...  0     284  1     0010 0000 ...  0     286  1     0010 0001 ...  0     288  1     0010 0010 ...  0     290  1     0010 0101 ...  0     292  1     0000 0110 1100 ...  0000  294  0001  0010  0011  0100  0101  0110  0111  1000  1001  1010  1011  1100  1101  1110  1111  0000 0110 1101 ...  000   310  001   010   011   100   101   110   111   0000 0110 1110 ...  000   318  001   010   011   100   101   110   111   0000 0110 1111 ...  000   326  001   010   011   100   101   110   111   0000 1011 0000 ...  00    334  01    10    11    0000 1011 0001 ...  00    338  01    10    11    0000 1011 0010 ...  00    342  01    10    11    0000 1011 0011 ...  0     346  1     0000 1011 0100 ...  00    348  01    10    11    0000 1011 0101 ...  00    352  01    10    11    0000 1011 0110 ...  0     356  1     0000 1011 0111 ...  00    358  01    10    11    0000 1011 1000 ...  00    362  01    10    11    0000 1011 1001 ...  00    366  01    10    11    0000 1011 1010 ...  00    370  01    10    11    0000 1011 1100 ...  0     374  1     0000 1011 1101 ...  0     376  1     0000 1011 1110 ...  0     378  1     0000 1011 1111 ...  0     380  1     0000 1100 0000 ...  0     382  1     0000 1100 0001 ...  0     384  1     0000 1100 0010 ...  0     386  1     0000 1100 0100 ...  0     388  1     0000 1100 0101 ...  0     390  1     0000 1100 0110 ...  0     392  1     0000 1100 1000 ...  0     394  1     0000 1100 1011 ...  0     396  1     0000 1101 0101 ...  0     398  1     0000 0110 1100 0001 ...  0     400  1     0000  0001  0010  0011  0100  0101  0110  0111  1000  1001  1010  1011  1100  1101  1110  1111  0000 ...  0000  16  0001  0010  0011  0100  0101  0110  0111  1000  1001  1010  1011  1100  1101  1110  1111  0001 ...  0000  32  0001  0010  0011  0100  0101  0110  0111  1000  1001  1010  1011  1100  1101  1110  1111  0010 ...  0000  48  0001  0010  0011  0100  0101  0110  0111  1000  1001  1010  1011  1100  1101  1110  1111  0100 ...  0000  64  0001  0010  0011  0100  0101  0110  0111  1000  1001  1010  1011  1100  1101  1110  1111  0101 ...  0000  80  0001  0010  0011  0100  0101  0110  0111  1000  1001  1010  1011  1100  1101  1110  1111  0110 ...  0000  96  0001  0010  0011  0100  0101  0110  0111  1000  1001  1010  1011  1100  1101  1110  1111  0111 ...  0000  112  0001  0010  0011  0100  0101  0110  0111  1000  1001  1010  1011  1100  1101  1110  1111  1000 ...  0000  128  0001  0010  0011  0100  0101  0110  0111  1000  1001  1010  1011  1100  1101  1110  1111  1001 ...  0000  144  0001  0010  0011  0100  0101  0110  0111  1000  1001  1010  1011  1100  1101  1110  1111  1010 ...  000   160  001   010   011   100   101   110   111   1011 ...  00    168  01    10    11    0010 1100 ...  000   172  001   010   011   100   101   110   111   0010 1101 ...  000   180  001   010   011   100   101   110   111   0010 1110 ...  000   188  001   010   011   100   101   110   111   0010 1111 ...  000   196  001   010   011   100   101   110   111   0100 0000 ...  0000  204  0001  0010  0011  0100  0101  0110  0111  1000  1001  1010  1011  1100  1101  1110  1111  0100 0001 ...  000   220  001   010   011   100   101   110   111   0100 0010 ...  000   228  001   010   011   100   101   110   111   0100 0011 ...  000   236  001   010   011   100   101   110   111   0100 0100 ...  00    244  01    10    11    0100 0101 ...  00    248  01    10    11    0100 0110 ...  00    252  01    10    11    0100 0111 ...  00    256  01    10    11    0100 1000 ...  00    260  01    10    11    0100 1001 ...  00    264  01    10    11    0100 1010 ...  00    268  01    10    11    0100 1011 ...  00    272  01    10    11    0100 1100 ...  00    276  01    10    11    0100 1101 ...  000   280  001   010   011   100   101   110   111   0100 1110 ...  00    288  01    10    11    0100 1111 ...  00    292  01    10    11    0101 0000 ...  00    296  01    10    11    0101 0001 ...  000   300  001   010   011   100   101   110   111   0101 0010 ...  00    308  01    10    11    0101 0011 ...  000   312  001   010   011   100   101   110   111   0101 0100 ...  0     320  1     0101 0101 ...  00    322  01    10    11    0101 0110 ...  00    326  01    10    11    0101 0111 ...  0     330  1     0101 1000 ...  00    332  01    10    11    0101 1001 ...  0     336  1     0101 1010 ...  0     338  1     0101 1011 ...  0     340  1     0101 1100 ...  0     342  1     0101 1101 ...  0     344  1     0101 1110 ...  0     346  1     0101 1111 ...  0     348  1     0110 0000 ...  0     350  1     0110 0001 ...  0     352  1     0110 0010 ...  0     354  1     0110 0011 ...  0     356  1     0110 0100 ...  0     358  1     0110 0101 ...  0     360  1     0110 0110 ...  0     362  1     0110 0111 ...  0     364  1     0110 1000 ...  0     366  1     0110 1001 ...  0     368  1     0110 1010 ...  00    370  01    10    11    0110 1011 ...  0     374  1     0110 1100 ...  00    376  01    10    11    0110 1110 ...  0     380   1     0111 1100 ...  0     382  1     1000 0011 ...  0     384  1     external tables   0   1   2   3   4  not used   5   6   7   8   9  10  11  12  13  14  not used  15  16  17  18  19  20  21  22  23  24  25  26  27  28  29  30  31 
 * libmad - MPEG audio decoder library
 * Copyright (C) 2000-2004 Underbit Technologies, Inc.
 *
 * This program is free software; you can redistribute it and/or modify
 * it under the terms of the GNU General Public License as published by
 * the Free Software Foundation; either version 2 of the License, or
 * (at your option) any later version.
 *
 * This program is distributed in the hope that it will be useful,
 * but WITHOUT ANY WARRANTY; without even the implied warranty of
 * MERCHANTABILITY or FITNESS FOR A PARTICULAR PURPOSE.  See the
 * GNU General Public License for more details.
 *
 * You should have received a copy of the GNU General Public License
 * along with this program; if not, write to the Free Software
 * Foundation, Inc., 59 Temple Place, Suite 330, Boston, MA  02111-1307  USA
 *
 * $Id$
 
 * These are the Huffman code words for Layer III.
 * The data for these tables are derived from Table B.7 of ISO/IEC 11172-3.
 *
 * These tables support decoding up to 4 Huffman code bits at a time.
  0000  0001  0010  0011  0100  0101  0110  0111  1000  1001  1010  1011  1100  1101  1110  1111  0000 ...  00    16  01    10    11    0001 ...  00    20  01    10    11    0010 ...  0     24  1     0011 ...  0     26  1     0000  0001  0010  0011  0100  0101  0110  0111  1000  1001  1010  1011  1100  1101  1110  1111        000   001   010   011   100   101   110   111   000   001   010   011   100   101   110   111   000 ...  000   8  001   010   011   100   101   110   111   000   001   010   011   100   101   110   111   000 ...  000   8  001   010   011   100   101   110   111   000   001   010   011   100   101   110   111   000 ...  0000  8  0001  0010  0011  0100  0101  0110  0111  1000  1001  1010  1011  1100  1101  1110  1111  000 0000 ...  0     24  1     0000  0001  0010  0011  0100  0101  0110  0111  1000  1001  1010  1011  1100  1101  1110  1111  0000 ...  000   16  001   010   011   100   101   110   111   0001 ...  0     24  1     0010 ...  0     26  1     0000  0001  0010  0011  0100  0101  0110  0111  1000  1001  1010  1011  1100  1101  1110  1111  0000 ...  0000  16  0001  0010  0011  0100  0101  0110  0111  1000  1001  1010  1011  1100  1101  1110  1111  0001 ...  0000  32  0001  0010  0011  0100  0101  0110  0111  1000  1001  1010  1011  1100  1101  1110  1111  0010 ...  00    48  01    10    11    0000 0000 ...  00    52  01    10    11    0000 0001 ...  0     56  1     0000 0010 ...  0     58  1     0000 0101 ...  0     60  1     0000 0111 ...  0     62  1     this version saves 8 entries (16 bytes) at the expense of
   an extra lookup in 4 out of 36 cases  0000  0001  0010  0011  0100  0101  0110  0111  1000  1001  1010  1011  1100  1101  1110  1111  0000 ...  0000  16  0001  0010  0011  0100  0101  0110  0111  1000  1001  1010  1011  1100  1101  1110  1111  0001 ...  00    32  01    10    11    0000 0000 ...  000   36  001   010   011   100   101   110   111   0000 0001 ...  00    44  01    10    11    0000 0010 ...  0     48  1     0000 0101 ...  0     50  1     0000 0110 ...  0     52  1     0001 00 ...  00    54  01    10    11    0000  0001  0010  0011  0100  0101  0110  0111  1000  1001  1010  1011  1100  1101  1110  1111  0000 ...  0000  16  0001  0010  0011  0100  0101  0110  0111  1000  1001  1010  1011  1100  1101  1110  1111  0001 ...  0000  32  0001  0010  0011  0100  0101  0110  0111  1000  1001  1010  1011  1100  1101  1110  1111  0000 0000 ...  000   48  001   010   011   100   101   110   111   0000 0001 ...  00    56  01    10    11    0000 0010 ...  0     60  1     0000 0101 ...  0     62  1     0000 0110 ...  0     64  1     0000  0001  0010  0011  0100  0101  0110  0111  1000  1001  1010  1011  1100  1101  1110  1111  0000 ...  0000  16  0001  0010  0011  0100  0101  0110  0111  1000  1001  1010  1011  1100  1101  1110  1111  0001 ...  000   32  001   010   011   100   101   110   111   0010 ...  00    40  01    10    11    0011 ...  00    44  01    10    11    0100 ...  0     48  1     0000 0000 ...  0     50  1     0000 0011 ...  0     52  1     0000  0001  0010  0011  0100  0101  0110  0111  1000  1001  1010  1011  1100  1101  1110  1111  0000 ...  0000  16  0001  0010  0011  0100  0101  0110  0111  1000  1001  1010  1011  1100  1101  1110  1111  0001 ...  0000  32  0001  0010  0011  0100  0101  0110  0111  1000  1001  1010  1011  1100  1101  1110  1111  0010 ...  00    48  01    10    11    0000 0000 ...  000   52  001   010   011   100   101   110   111   0000 0001 ...  00    60  01    10    11    0000 0010 ...  000   64  001   010   011   100   101   110   111   0000 0011 ...  0     72  1     0000 0100 ...  00    74  01    10    11    0000 0101 ...  00    78  01    10    11    0000 0110 ...  00    82  01    10    11    0000 1001 ...  0     86  1     0000 1010 ...  00    88  01    10    11    0000 1011 ...  00    92  01    10    11    0000 1111 ...  0     96  1     0001 0000 ...  0     98  1     0001 0001 ...  0     100  1     0000  0001  0010  0011  0100  0101  0110  0111  1000  1001  1010  1011  1100  1101  1110  1111  0000 ...  0000  16  0001  0010  0011  0100  0101  0110  0111  1000  1001  1010  1011  1100  1101  1110  1111  0001 ...  0000  32  0001  0010  0011  0100  0101  0110  0111  1000  1001  1010  1011  1100  1101  1110  1111  0010 ...  0000  48  0001  0010  0011  0100  0101  0110  0111  1000  1001  1010  1011  1100  1101  1110  1111  0011 ...  000   64  001   010   011   100   101   110   111   0101 ...  0     72  1     0000 0000 ...  00    74  01    10    11    0000 0001 ...  000   78  001   010   011   100   101   110   111   0000 0010 ...  00    86  01    10    11    0000 0011 ...  0     90  1     0000 0100 ...  00    92  01    10    11    0000 0111 ...  0     96  1     0000 1111 ...  0     98  1     0001 0000 ...  0     100  1     0001 1101 ...  0     102  1     0000  0001  0010  0011  0100  0101  0110  0111  1000  1001  1010  1011  1100  1101  1110  1111  0000 ...  0000  16  0001  0010  0011  0100  0101  0110  0111  1000  1001  1010  1011  1100  1101  1110  1111  0001 ...  0000  32  0001  0010  0011  0100  0101  0110  0111  1000  1001  1010  1011  1100  1101  1110  1111  0010 ...  0000  48  0001  0010  0011  0100  0101  0110  0111  1000  1001  1010  1011  1100  1101  1110  1111  0011 ...  00    64  01    10    11    0100 ...  000   68  001   010   011   100   101   110   111   0101 ...  0     76  1     1000 ...  0     78  1     0000 0000 ...  00    80  01    10    11    0000 0001 ...  0     84  1     0000 0010 ...  0     86  1     0000 0011 ...  0     88  1     0000 0110 ...  0     90  1     0000 1101 ...  0     92  1     0001 0011 ...  0     94  1     0000  0001  0010  0011  0100  0101  0110  0111  1000  1001  1010  1011  1100  1101  1110  1111  0000 ...  0000  16  0001  0010  0011  0100  0101  0110  0111  1000  1001  1010  1011  1100  1101  1110  1111  0001 ...  0000  32  0001  0010  0011  0100  0101  0110  0111  1000  1001  1010  1011  1100  1101  1110  1111  0010 ...  0000  48  0001  0010  0011  0100  0101  0110  0111  1000  1001  1010  1011  1100  1101  1110  1111  0011 ...  00    64  01    10    11    0000 0000 ...  0000  68  0001  0010  0011  0100  0101  0110  0111  1000  1001  1010  1011  1100  1101  1110  1111  0000 0001 ...  0000  84  0001  0010  0011  0100  0101  0110  0111  1000  1001  1010  1011  1100  1101  1110  1111  0000 0010 ...  0000  100  0001  0010  0011  0100  0101  0110  0111  1000  1001  1010  1011  1100  1101  1110  1111  0000 0011 ...  0000  116  0001  0010  0011  0100  0101  0110  0111  1000  1001  1010  1011  1100  1101  1110  1111  0000 0100 ...  0000  132  0001  0010  0011  0100  0101  0110  0111  1000  1001  1010  1011  1100  1101  1110  1111  0000 0101 ...  0000  148  0001  0010  0011  0100  0101  0110  0111  1000  1001  1010  1011  1100  1101  1110  1111  0000 0110 ...  000   164  001   010   011   100   101   110   111   0000 0111 ...  000   172  001   010   011   100   101   110   111   0000 1000 ...  000   180  001   010   011   100   101   110   111   0000 1001 ...  000   188  001   010   011   100   101   110   111   0000 1010 ...  000   196  001   010   011   100   101   110   111   0000 1011 ...  000   204  001   010   011   100   101   110   111   0000 1100 ...  0     212  1     0000 1101 ...  00    214  01    10    11    0000 1110 ...  000   218  001   010   011   100   101   110   111   0000 1111 ...  0     226  1     0001 0000 ...  00    228  01    10    11    0001 0001 ...  00    232  01    10    11    0001 0010 ...  00    236  01    10    11    0001 0011 ...  00    240  01    10    11    0001 0101 ...  0     244  1     0001 0110 ...  0     246  1     0001 0111 ...  0     248  1     0001 1000 ...  00    250  01    10    11    0001 1001 ...  0     254  1     0001 1100 ...  0     256  1     0001 1101 ...  0     258  1     0001 1110 ...  0     260  1     0000 0000 0000 ...  0000  262  0001  0010  0011  0100  0101  0110  0111  1000  1001  1010  1011  1100  1101  1110  1111  0000 0000 0001 ...  0000  278  0001  0010  0011  0100  0101  0110  0111  1000  1001  1010  1011  1100  1101  1110  1111  0000 0000 0010 ...  0000  294  0001  0010  0011  0100  0101  0110  0111  1000  1001  1010  1011  1100  1101  1110  1111  0000 0000 0011 ...  000   310  001   010   011   100   101   110   111   0000 0000 0100 ...  00    318  01    10    11    0000 0000 0101 ...  00    322  01    10    11    0000 0000 0110 ...  000   326  001   010   011   100   101   110   111   0000 0000 0111 ...  00    334  01    10    11    0000 0000 1000 ...  0     338  1     0000 0000 1001 ...  00    340  01    10    11    0000 0000 1010 ...  00    344  01    10    11    0000 0000 1011 ...  00    348  01    10    11    0000 0000 1100 ...  00    352  01    10    11    0000 0000 1101 ...  00    356  01    10    11    0000 0001 0001 ...  0     360  1     0000 0001 0010 ...  0     362  1     0000 0001 0011 ...  0     364  1     0000 0001 0101 ...  0     366  1     0000 0001 1000 ...  0     368  1     0000 0001 1001 ...  0     370  1     0000 0001 1010 ...  0     372  1     0000 0001 1011 ...  0     374  1     0000 0001 1100 ...  0     376  1     0000 0001 1101 ...  0     378  1     0000 0010 0000 ...  0     380  1     0000 0010 0101 ...  0     382  1     0000 0010 0110 ...  0     384  1     0000 0010 1000 ...  0     386  1     0000 0000 0000 0000 ...  000   388  001   010   011   100   101   110   111   0000 0000 0000 1011 ...  0     396  1     0000  0001  0010  0011  0100  0101  0110  0111  1000  1001  1010  1011  1100  1101  1110  1111  0000 ...  0000  16  0001  0010  0011  0100  0101  0110  0111  1000  1001  1010  1011  1100  1101  1110  1111  0001 ...  0000  32  0001  0010  0011  0100  0101  0110  0111  1000  1001  1010  1011  1100  1101  1110  1111  0010 ...  0000  48  0001  0010  0011  0100  0101  0110  0111  1000  1001  1010  1011  1100  1101  1110  1111  0011 ...  0000  64  0001  0010  0011  0100  0101  0110  0111  1000  1001  1010  1011  1100  1101  1110  1111  0100 ...  0000  80  0001  0010  0011  0100  0101  0110  0111  1000  1001  1010  1011  1100  1101  1110  1111  0101 ...  000   96  001   010   011   100   101   110   111   0110 ...  000   104  001   010   011   100   101   110   111   0111 ...  00    112  01    10    11    1000 ...  0     116  1     1001 ...  0     118  1     0000 0000 ...  0000  120  0001  0010  0011  0100  0101  0110  0111  1000  1001  1010  1011  1100  1101  1110  1111  0000 0001 ...  0000  136  0001  0010  0011  0100  0101  0110  0111  1000  1001  1010  1011  1100  1101  1110  1111  0000 0010 ...  0000  152  0001  0010  0011  0100  0101  0110  0111  1000  1001  1010  1011  1100  1101  1110  1111  0000 0011 ...  0000  168  0001  0010  0011  0100  0101  0110  0111  1000  1001  1010  1011  1100  1101  1110  1111  0000 0100 ...  0000  184  0001  0010  0011  0100  0101  0110  0111  1000  1001  1010  1011  1100  1101  1110  1111  0000 0101 ...  000   200  001   010   011   100   101   110   111   0000 0110 ...  000   208  001   010   011   100   101   110   111   0000 0111 ...  0000  216  0001  0010  0011  0100  0101  0110  0111  1000  1001  1010  1011  1100  1101  1110  1111  0000 1000 ...  000   232  001   010   011   100   101   110   111   0000 1001 ...  000   240  001   010   011   100   101   110   111   0000 1010 ...  000   248  001   010   011   100   101   110   111   0000 1011 ...  000   256  001   010   011   100   101   110   111   0000 1100 ...  00    264  01    10    11    0000 1101 ...  000   268  001   010   011   100   101   110   111   0000 1110 ...  000   276  001   010   011   100   101   110   111   0000 1111 ...  00    284  01    10    11    0001 0000 ...  00    288  01    10    11    0001 0001 ...  00    292  01    10    11    0001 0010 ...  00    296  01    10    11    0001 0011 ...  00    300  01    10    11    0001 0100 ...  00    304  01    10    11    0001 0101 ...  00    308  01    10    11    0001 0110 ...  00    312  01    10    11    0001 0111 ...  00    316  01    10    11    0001 1000 ...  0     320  1     0001 1001 ...  0     322  1     0001 1010 ...  0     324  1     0001 1011 ...  00    326  01    10    11    0001 1100 ...  0     330  1     0001 1101 ...  0     332  1     0001 1110 ...  00    334  01    10    11    0001 1111 ...  0     338  1     0010 0000 ...  0     340  1     0010 0001 ...  0     342  1     0010 0011 ...  0     344  1     0010 0100 ...  0     346  1     0010 0101 ...  0     348  1     0010 0110 ...  0     350  1     0010 0111 ...  0     352  1     0010 1100 ...  0     354  1     0010 1101 ...  0     356  1     0010 1110 ...  0     358  1     0010 1111 ...  0     360  1     0011 0110 ...  0     362  1     0011 1110 ...  0     364  1     0000 0000 0000 ...  0     366  1     0000 0000 0001 ...  0     368  1     0000 0000 0011 ...  0     370  1     0000 0000 0100 ...  0     372  1     0000 0000 0101 ...  0     374  1     0000 0000 0111 ...  0     376  1     0000 0001 1111 ...  0     378  1     0000  0001  0010  0011  0100  0101  0110  0111  1000  1001  1010  1011  1100  1101  1110  1111  0000 ...  0000  16  0001  0010  0011  0100  0101  0110  0111  1000  1001  1010  1011  1100  1101  1110  1111  0001 ...  0000  32  0001  0010  0011  0100  0101  0110  0111  1000  1001  1010  1011  1100  1101  1110  1111  0010 ...  0000  48  0001  0010  0011  0100  0101  0110  0111  1000  1001  1010  1011  1100  1101  1110  1111  0011 ...  00    64  01    10    11    0000 0000 ...  000   68  001   010   011   100   101   110   111   0000 0001 ...  000   76  001   010   011   100   101   110   111   0000 0010 ...  00    84  01    10    11    0000 0100 ...  00    88  01    10    11    0000 0101 ...  0     92  1     0000 0110 ...  0000  94  0001  0010  0011  0100  0101  0110  0111  1000  1001  1010  1011  1100  1101  1110  1111  0000 1000 ...  0     110  1     0000 1011 ...  0000  112  0001  0010  0011  0100  0101  0110  0111  1000  1001  1010  1011  1100  1101  1110  1111  0000 1100 ...  0000  128  0001  0010  0011  0100  0101  0110  0111  1000  1001  1010  1011  1100  1101  1110  1111  0000 1101 ...  0000  144  0001  0010  0011  0100  0101  0110  0111  1000  1001  1010  1011  1100  1101  1110  1111  0000 1110 ...  0000  160  0001  0010  0011  0100  0101  0110  0111  1000  1001  1010  1011  1100  1101  1110  1111  0000 1111 ...  0000  176  0001  0010  0011  0100  0101  0110  0111  1000  1001  1010  1011  1100  1101  1110  1111  0001 0000 ...  0000  192  0001  0010  0011  0100  0101  0110  0111  1000  1001  1010  1011  1100  1101  1110  1111  0001 0001 ...  000   208  001   010   011   100   101   110   111   0001 0010 ...  000   216  001   010   011   100   101   110   111   0001 0011 ...  000   224  001   010   011   100   101   110   111   0001 0100 ...  000   232  001   010   011   100   101   110   111   0001 0101 ...  000   240  001   010   011   100   101   110   111   0001 0110 ...  000   248  001   010   011   100   101   110   111   0001 0111 ...  000   256  001   010   011   100   101   110   111   0001 1000 ...  00    264   01    10    11    0001 1001 ...  00    268  01    10    11    0001 1010 ...  0     272  1     0001 1011 ...  00    274  01    10    11    0001 1100 ...  00    278  01    10    11    0001 1101 ...  0     282  1     0001 1111 ...  0     284  1     0010 0000 ...  0     286  1     0010 0001 ...  0     288  1     0010 0010 ...  0     290  1     0010 0101 ...  0     292  1     0000 0110 1100 ...  0000  294  0001  0010  0011  0100  0101  0110  0111  1000  1001  1010  1011  1100  1101  1110  1111  0000 0110 1101 ...  000   310  001   010   011   100   101   110   111   0000 0110 1110 ...  000   318  001   010   011   100   101   110   111   0000 0110 1111 ...  000   326  001   010   011   100   101   110   111   0000 1011 0000 ...  00    334  01    10    11    0000 1011 0001 ...  00    338  01    10    11    0000 1011 0010 ...  00    342  01    10    11    0000 1011 0011 ...  0     346  1     0000 1011 0100 ...  00    348  01    10    11    0000 1011 0101 ...  00    352  01    10    11    0000 1011 0110 ...  0     356  1     0000 1011 0111 ...  00    358  01    10    11    0000 1011 1000 ...  00    362  01    10    11    0000 1011 1001 ...  00    366  01    10    11    0000 1011 1010 ...  00    370  01    10    11    0000 1011 1100 ...  0     374  1     0000 1011 1101 ...  0     376  1     0000 1011 1110 ...  0     378  1     0000 1011 1111 ...  0     380  1     0000 1100 0000 ...  0     382  1     0000 1100 0001 ...  0     384  1     0000 1100 0010 ...  0     386  1     0000 1100 0100 ...  0     388  1     0000 1100 0101 ...  0     390  1     0000 1100 0110 ...  0     392  1     0000 1100 1000 ...  0     394  1     0000 1100 1011 ...  0     396  1     0000 1101 0101 ...  0     398  1     0000 0110 1100 0001 ...  0     400  1     0000  0001  0010  0011  0100  0101  0110  0111  1000  1001  1010  1011  1100  1101  1110  1111  0000 ...  0000  16  0001  0010  0011  0100  0101  0110  0111  1000  1001  1010  1011  1100  1101  1110  1111  0001 ...  0000  32  0001  0010  0011  0100  0101  0110  0111  1000  1001  1010  1011  1100  1101  1110  1111  0010 ...  0000  48  0001  0010  0011  0100  0101  0110  0111  1000  1001  1010  1011  1100  1101  1110  1111  0100 ...  0000  64  0001  0010  0011  0100  0101  0110  0111  1000  1001  1010  1011  1100  1101  1110  1111  0101 ...  0000  80  0001  0010  0011  0100  0101  0110  0111  1000  1001  1010  1011  1100  1101  1110  1111  0110 ...  0000  96  0001  0010  0011  0100  0101  0110  0111  1000  1001  1010  1011  1100  1101  1110  1111  0111 ...  0000  112  0001  0010  0011  0100  0101  0110  0111  1000  1001  1010  1011  1100  1101  1110  1111  1000 ...  0000  128  0001  0010  0011  0100  0101  0110  0111  1000  1001  1010  1011  1100  1101  1110  1111  1001 ...  0000  144  0001  0010  0011  0100  0101  0110  0111  1000  1001  1010  1011  1100  1101  1110  1111  1010 ...  000   160  001   010   011   100   101   110   111   1011 ...  00    168  01    10    11    0010 1100 ...  000   172  001   010   011   100   101   110   111   0010 1101 ...  000   180  001   010   011   100   101   110   111   0010 1110 ...  000   188  001   010   011   100   101   110   111   0010 1111 ...  000   196  001   010   011   100   101   110   111   0100 0000 ...  0000  204  0001  0010  0011  0100  0101  0110  0111  1000  1001  1010  1011  1100  1101  1110  1111  0100 0001 ...  000   220  001   010   011   100   101   110   111   0100 0010 ...  000   228  001   010   011   100   101   110   111   0100 0011 ...  000   236  001   010   011   100   101   110   111   0100 0100 ...  00    244  01    10    11    0100 0101 ...  00    248  01    10    11    0100 0110 ...  00    252  01    10    11    0100 0111 ...  00    256  01    10    11    0100 1000 ...  00    260  01    10    11    0100 1001 ...  00    264  01    10    11    0100 1010 ...  00    268  01    10    11    0100 1011 ...  00    272  01    10    11    0100 1100 ...  00    276  01    10    11    0100 1101 ...  000   280  001   010   011   100   101   110   111   0100 1110 ...  00    288  01    10    11    0100 1111 ...  00    292  01    10    11    0101 0000 ...  00    296  01    10    11    0101 0001 ...  000   300  001   010   011   100   101   110   111   0101 0010 ...  00    308  01    10    11    0101 0011 ...  000   312  001   010   011   100   101   110   111   0101 0100 ...  0     320  1     0101 0101 ...  00    322  01    10    11    0101 0110 ...  00    326  01    10    11    0101 0111 ...  0     330  1     0101 1000 ...  00    332  01    10    11    0101 1001 ...  0     336  1     0101 1010 ...  0     338  1     0101 1011 ...  0     340  1     0101 1100 ...  0     342  1     0101 1101 ...  0     344  1     0101 1110 ...  0     346  1     0101 1111 ...  0     348  1     0110 0000 ...  0     350  1     0110 0001 ...  0     352  1     0110 0010 ...  0     354  1     0110 0011 ...  0     356  1     0110 0100 ...  0     358  1     0110 0101 ...  0     360  1     0110 0110 ...  0     362  1     0110 0111 ...  0     364  1     0110 1000 ...  0     366  1     0110 1001 ...  0     368  1     0110 1010 ...  00    370  01    10    11    0110 1011 ...  0     374  1     0110 1100 ...  00    376  01    10    11    0110 1110 ...  0     380   1     0111 1100 ...  0     382  1     1000 0011 ...  0     384  1     external tables   0   1   2   3   4  not used   5   6   7   8   9  10  11  12  13  14  not used  15  16  17  18  19  20  21  22  23  24  25  26  27  28  29  30  31 